AGE00147712	 - [(1886, 0.0, 170.0), (1887, 79.38, 230.41), (1888, 106.99, 249.09), (1889, 91.07, 215.95), ]
ASN00048013	 - [(1880, 123.74, 283.21), (1881, 139.91, 273.59), (1882, 146.96, 278.45), (1883, 145.32, 288.65), (1884, 149.28, 288.32), (1885, 132.01, 297.67), (1886, 127.04, 290.0), (1887, 126.83, 272.83), (1888, 124.42, 306.83), (1889, 138.63, 293.47), ]
ASN00063004	 - [(1880, 64.69, 202.02), (1881, 61.52, 202.05), (1882, 66.52, 210.23), (1883, 58.87, 203.1), (1884, 62.45, 216.15), (1885, 62.13, 219.45), (1886, 66.75, 211.35), (1887, 70.53, 198.78), (1888, 55.09, 228.85), (1889, 71.66, 223.46), ]
ASN00072151	 - [(1880, 90.64, 241.64), (1881, 89.11, 225.0), (1882, 63.45, 228.23), (1883, 49.29, 227.59), (1884, 74.74, 241.03), (1885, 80.73, 240.53), (1886, 83.14, 218.99), (1887, 69.53, 232.83), (1888, 48.48, 255.82), (1889, 93.15, 249.99), ]
ASN00086071	 - [(1880, 99.34, 194.05), (1881, 95.27, 194.92), (1882, 95.13, 198.48), (1883, 97.67, 199.92), (1884, 92.67, 192.9), (1885, 95.04, 189.73), (1886, 90.46, 191.17), (1887, 99.77, 190.46), (1888, 92.99, 192.78), (1889, 99.66, 195.31), ]
CA001090660	 - [(1888, -22.35, 110.16), (1889, -21.3, 80.16), ]
CA003012195	 - [(1880, -39.48, 76.28), (1881, -70.71, 44.44), (1882, -53.18, 75.06), (1883, -64.55, 71.59), (1884, -60.02, 78.66), (1885, -42.41, 96.17), (1886, -53.56, 83.17), (1887, -76.26, 65.29), (1888, -47.06, 77.54), (1889, -15.11, 116.61), ]
CA003033879	 - [(1886, 35.88, 168.83), (1887, -208.73, -99.9), ]
CA003050520	 - [(1887, -193.41, -74.18), (1888, -134.19, -7.03), (1889, -86.04, 59.79), ]
CA003072657	 - [(1883, -181.83, -109.93), (1884, -82.11, 23.19), (1885, -71.29, 22.45), (1886, -89.4, -4.0), (1887, -188.12, -106.06), (1888, -49.58, 34.59), (1889, -67.59, 24.62), ]
CA004013400	 - [(1880, -278.12, -142.58), ]
CA005010977	 - [(1889, -45.24, 83.82), ]
CA005012279	 - [(1886, -31.48, 115.37), (1887, -128.82, 67.61), (1888, -48.96, 64.89), (1889, -11.34, 124.7), ]
CA005012540	 - [(1885, -10.89, 133.3), (1886, -60.69, 94.63), (1887, -68.47, 77.1), (1888, -63.5, 78.04), (1889, -42.52, 108.9), ]
CA006092915	 - [(1882, -104.16, -16.77), ]
CA006118187	 - [(1888, 48.0, 149.48), (1889, -6.97, 94.97), ]
CA006137147	 - [(1885, -12.21, 69.24), (1886, 16.28, 129.47), (1887, 17.75, 132.55), (1888, 6.55, 121.84), (1889, 24.05, 138.01), ]
CA006137735	 - [(1880, 25.69, 138.34), (1881, 23.91, 137.16), (1882, 24.88, 129.33), (1883, 8.97, 119.57), (1884, 14.04, 126.99), (1885, 4.78, 108.79), (1886, 18.36, 118.04), (1887, 19.3, 124.7), (1888, -123.81, -27.4), ]
CA006141095	 - [(1880, -1.61, 124.02), (1881, 18.73, 129.1), (1882, 17.38, 119.92), (1883, -5.84, 103.13), (1884, 1.13, 118.91), (1885, 13.86, 131.32), (1886, 6.35, 120.35), (1887, 6.58, 126.92), (1888, 0.78, 113.72), (1889, 16.91, 120.77), ]
CA006144470	 - [(1880, 24.26, 116.28), (1881, 26.06, 134.52), (1882, 19.74, 124.78), (1883, 0.66, 112.88), (1884, -0.08, 117.43), (1885, -6.31, 105.81), (1886, -6.61, 102.14), (1887, 1.16, 108.96), (1888, -9.54, 99.63), (1889, -7.32, 94.55), ]
CA006148100	 - [(1880, 15.83, 119.49), (1881, 13.81, 129.16), (1882, 5.05, 108.42), (1883, -5.74, 104.17), (1884, 4.0, 114.6), (1885, -7.59, 98.19), (1886, 8.07, 111.49), (1887, 3.45, 115.42), (1888, -1.59, 105.58), ]
CA006164297	 - [(1880, 32.27, 0.0), (1881, 13.9, 0.0), (1882, 10.0, 0.0), (1883, -17.37, 155.65), (1884, -6.31, 153.28), (1885, -26.07, 100.61), (1886, -22.51, 129.49), (1887, -21.57, 84.54), (1888, -17.84, 94.24), (1889, 14.42, 114.33), ]
CA008103100	 - [(1881, 50.29, 112.37), (1882, -90.08, -22.36), ]
CA008104600	 - [(1880, 24.81, 104.05), (1881, 17.89, 102.14), (1882, 6.01, 98.36), (1883, -2.99, 94.48), (1884, 3.98, 97.94), (1885, -0.04, 97.22), (1886, 4.67, 105.61), (1887, 0.94, 100.21), (1888, -0.11, 92.62), (1889, 18.56, 113.88), ]
CA008200300	 - [(1880, -15.71, 96.01), (1881, -3.7, 103.06), (1882, 22.97, 103.62), (1883, -26.4, 83.83), (1884, -2.55, 106.42), (1885, -111.72, 3.01), ]
CA008401600	 - [(1880, 30.03, 63.47), ]
CYE00100074	 - [(1881, 138.74, 275.96), (1882, 84.62, 220.87), (1883, 67.87, 262.36), (1884, 97.44, 266.19), (1885, 119.03, 274.88), (1886, 108.99, 274.69), (1887, 118.9, 262.62), (1888, 124.93, 257.58), (1889, 135.25, 263.04), ]
DA000025140	 - [(1880, 55.58, 113.04), (1881, 36.9, 91.92), (1882, 59.21, 109.73), (1883, 52.05, 105.84), (1884, 56.49, 113.79), (1885, 46.07, 100.41), (1886, 46.03, 100.42), (1887, 42.6, 99.67), (1888, 41.0, 91.39), (1889, 52.48, 107.85), ]
EIE00101859	 - [(1880, 65.03, 139.2), (1881, 61.12, 127.79), (1882, 49.24, 98.98), (1883, 65.12, 129.71), (1884, 72.27, 134.51), (1885, 63.86, 130.32), (1886, 66.25, 128.56), (1887, 65.74, 137.97), (1888, 67.78, 133.23), (1889, 72.72, 137.35), ]
GG000037545	 - [(1881, 73.63, 0.0), (1882, 79.66, 0.0), (1883, 75.44, 0.0), (1884, 71.2, 0.0), (1885, 74.16, 0.0), (1886, 72.38, 0.0), (1887, 77.96, 0.0), (1888, 77.92, 215.14), (1889, 92.72, 200.04), ]
GM000003319	 - [(1880, 61.98, 140.35), (1881, 48.38, 125.21), (1882, 59.33, 137.98), (1883, 41.33, 129.48), (1884, 46.69, 137.3), (1885, 41.46, 126.41), (1886, 39.0, 131.14), (1887, 49.66, 121.66), (1888, 45.48, 115.98), (1889, 55.94, 124.82), ]
HR000142360	 - [(1881, 62.34, 139.58), (1882, 74.47, 159.61), (1883, 64.29, 143.78), (1884, 68.78, 149.4), (1885, 75.22, 156.76), (1886, 71.2, 149.22), (1887, 65.84, 146.31), (1888, 58.73, 139.34), (1889, 67.41, 138.34), ]
RSM00029263	 - [(1884, -60.83, 0.0), (1885, -75.19, 0.0), (1886, -66.7, 0.0), (1887, -73.16, 163.77), (1888, -77.44, 0.0), (1889, -78.34, 0.0), ]
RSM00031369	 - [(1881, -260.82, 0.0), (1883, -14.77, 0.0), (1884, -83.47, 0.0), (1885, -79.16, 0.0), (1886, -61.01, 0.0), (1887, -64.48, 0.0), (1888, -60.91, 0.0), (1889, -59.17, 0.0), ]
TX000038763	 - [(1883, 211.25, 0.0), (1885, 56.59, 199.0), (1889, 61.99, 0.0), ]
USC00090430	 - [(1884, 129.4, 250.79), (1885, 86.02, 201.75), (1886, 92.55, 203.45), (1887, 97.57, 198.58), (1888, 106.57, 222.84), (1889, 113.68, 214.6), ]
USC00117391	 - [(1880, 151.64, 281.93), (1888, -43.58, 53.45), (1889, 44.65, 158.46), ]
USC00192010	 - [(1885, 3.27, 0.0), (1886, -15.75, 4.39), (1887, 4.16, 112.53), (1888, 18.75, 128.96), (1889, 39.01, 144.87), ]
USC00195145	 - [(1888, 134.8, 222.88), (1889, 97.41, 165.44), ]
USC00197122	 - [(1889, 180.56, 244.49), ]
USC00215638	 - [(1886, -9.59, 103.41), (1887, -17.58, 95.31), (1888, -13.5, 86.67), (1889, 3.34, 115.53), ]
USC00263515	 - [(1887, -33.08, 60.18), (1888, -2.43, 127.79), (1889, 105.2, 261.69), ]
USC00271678	 - [(1884, -46.57, 52.36), (1885, 15.28, 124.93), (1886, 24.94, 132.8), (1887, 25.81, 128.4), (1888, 17.47, 119.48), (1889, 35.24, 139.39), ]
USC00278440	 - [(1886, 30.94, 178.15), (1887, -8.06, 133.7), (1888, -10.84, 121.75), (1889, 0.0, 322.0), ]
USC00278854	 - [(1885, 42.84, 160.11), (1886, 0.95, 113.88), (1887, 5.89, 111.17), (1888, -15.4, 105.19), (1889, 14.93, 112.62), ]
USC00278875	 - [(1885, 44.9, 150.23), (1886, -106.03, -32.14), ]
USC00300958	 - [(1886, 30.18, 119.27), (1887, 74.08, 158.05), (1888, 26.11, 81.34), (1889, 45.99, 116.75), ]
USC00307633	 - [(1885, 82.13, 154.87), (1886, 63.06, 142.02), (1887, 65.54, 144.25), (1888, 57.48, 136.0), (1889, 21.28, 97.99), ]
USC00313228	 - [(1882, 0.0, -27.0), ]
USC00406012	 - [(1883, 20.5, 138.45), ]
USC00413257	 - [(1880, 118.81, 234.55), (1881, 115.32, 221.04), (1882, 113.96, 243.39), (1883, -8.27, 137.94), ]
USW00013872	 - [(1880, 15.4, 116.11), (1887, 79.35, 184.9), (1889, 73.4, 190.6), ]
USW00014838	 - [(1880, 4.91, 105.44), (1881, 2.58, 79.5), (1882, 14.95, 106.54), (1883, -32.83, 82.01), (1884, -97.75, 9.07), (1885, 14.07, 108.99), (1886, -0.81, 97.94), (1887, 9.63, 103.07), (1888, -10.33, 75.58), (1889, 13.39, 96.01), ]
