AGE00147708	 - [(1886, 128.05, 255.48), (1887, 113.06, 235.28), (1888, 112.2, 235.26), (1889, 100.54, 227.95), ]
AGE00147720	 - [(1888, 56.67, 219.38), (1889, 51.64, 214.64), ]
ASN00023000	 - [(1887, 114.35, 208.62), (1888, 121.32, 227.65), (1889, 120.32, 217.02), ]
ASN00040214	 - [(1887, 149.94, 245.01), (1888, 148.59, 256.78), (1889, 160.23, 255.95), ]
ASN00066062	 - [(1880, 133.55, 208.05), (1881, 130.89, 204.22), (1882, 135.81, 211.42), (1883, 129.82, 206.47), (1884, 135.6, 211.74), (1885, 137.93, 215.85), (1886, 136.74, 212.39), (1887, 138.23, 202.79), (1888, 133.75, 209.08), (1889, 143.07, 207.28), ]
AU000005901	 - [(1880, 57.13, 138.99), (1881, 47.9, 122.95), (1882, 61.06, 142.07), (1883, 54.24, 128.28), (1884, 56.6, 135.53), (1885, 54.06, 136.69), (1886, 55.75, 133.95), (1887, 49.17, 124.81), (1888, 45.45, 121.68), (1889, 52.19, 123.26), ]
AU000006306	 - [(1880, 45.48, 131.18), (1881, 38.42, 123.02), (1882, 43.96, 131.42), (1883, 39.89, 123.52), (1884, 56.71, 141.05), (1885, 48.99, 141.13), (1886, 54.35, 139.15), (1887, 39.61, 126.2), (1888, 44.21, 128.18), (1889, 46.62, 125.73), ]
CA001101530	 - [(1881, 57.59, 149.34), ]
CA004013030	 - [(1889, -7.79, 134.41), ]
CA005030556	 - [(1889, 37.0, 82.47), ]
CA0050520EE	 - [(1889, -184.56, 0.0), ]
CA006059475	 - [(1888, -199.5, -49.23), (1889, -63.4, 75.52), ]
CA006068148	 - [(1887, -1.79, 137.39), (1888, -287.15, 77.62), (1889, 1.97, 105.83), ]
CA006120315	 - [(1882, 17.72, 113.65), (1883, 7.78, 110.29), (1884, 10.54, 115.3), (1885, -0.13, 105.12), (1886, 14.05, 121.12), (1887, 18.09, 124.91), (1888, 8.27, 112.69), (1889, 25.38, 123.16), ]
CA006127887	 - [(1880, 18.51, 113.57), (1881, 14.79, 114.87), (1882, 16.35, 114.31), (1883, -5.59, 96.05), (1884, 3.38, 106.21), (1885, -10.03, 91.71), (1886, 9.5, 103.09), (1887, 5.07, 105.65), (1888, 0.69, 95.17), (1889, 21.46, 113.59), ]
CA006131388	 - [(1889, 43.74, 166.11), ]
CA006136335	 - [(1889, 33.01, 88.4), ]
CA006141843	 - [(1880, -63.22, 29.12), (1881, 9.62, 126.6), (1882, 7.54, 112.09), (1883, -13.35, 96.57), (1884, -70.69, 31.92), (1885, -17.29, 100.04), (1886, 2.81, 110.68), (1887, 2.85, 112.75), (1888, -3.04, 102.84), (1889, 13.24, 117.88), ]
CA006152007	 - [(1882, 61.33, 169.89), (1883, -1.4, 110.36), (1884, 10.49, 119.44), (1885, -1.41, 105.52), (1886, 8.24, 118.21), (1887, 12.05, 122.31), (1888, 0.16, 115.01), (1889, 20.15, 128.2), ]
CA007026465	 - [(1880, -5.8, 128.25), (1881, 37.53, 151.53), (1882, -16.89, 97.89), (1883, -33.9, 92.37), (1884, -19.5, 100.99), (1885, -36.17, 94.18), (1886, -27.25, 104.52), (1887, -29.98, 99.72), (1888, -30.45, 89.2), (1889, -4.38, 112.57), ]
CA008104500	 - [(1883, -47.57, 73.11), ]
CE000434730	 - [(1880, 97.7, 187.34), (1881, 99.94, 201.65), (1882, 101.16, 190.82), (1883, 99.73, 193.04), (1884, 94.51, 194.49), (1885, 98.84, 198.4), (1886, 101.29, 196.95), (1887, 95.96, 193.94), (1888, 98.74, 205.3), (1889, 103.2, 209.75), ]
DA000027080	 - [(1880, 43.31, 109.77), (1881, 29.76, 91.96), (1882, 58.62, 112.68), (1883, 50.81, 104.59), (1884, 56.46, 109.13), (1885, 43.88, 102.0), (1886, 42.95, 103.91), (1887, 40.86, 102.65), (1888, 34.89, 90.3), (1889, 49.1, 106.69), ]
DA000030380	 - [(1880, 34.22, 113.31), (1881, 24.85, 99.56), (1882, 47.62, 124.12), (1883, 40.28, 113.6), (1884, 45.35, 121.16), (1885, 30.15, 112.41), (1886, 32.4, 114.79), (1887, 32.27, 110.02), (1888, 29.05, 98.21), (1889, 39.73, 112.02), ]
EGE00147726	 - [(1884, 105.76, 247.5), (1885, 129.3, 252.02), (1886, 117.08, 246.6), ]
EGE00147732	 - [(1884, 131.21, 267.07), (1885, 155.82, 272.24), (1886, 155.03, 269.7), (1887, 160.44, 278.44), (1888, 159.1, 274.67), (1889, 157.96, 277.35), ]
EI000003969	 - [(1881, 44.26, 123.84), (1882, 50.96, 129.35), (1883, 45.22, 126.18), (1884, 53.73, 130.73), (1885, 43.62, 121.36), (1886, 47.87, 121.15), (1887, 44.07, 127.53), (1888, 46.82, 120.55), (1889, 51.45, 127.73), ]
GM000010962	 - [(1880, 31.34, 99.87), (1881, 22.5, 95.08), (1882, 28.91, 102.41), (1883, 18.02, 94.72), (1884, 28.38, 103.29), (1885, 25.06, 103.96), (1886, 29.2, 100.54), (1887, 18.52, 87.05), (1888, 23.86, 90.7), (1889, 21.72, 89.33), ]
ITE00100554	 - [(1880, 91.98, 175.08), (1881, 89.88, 172.1), (1882, 93.93, 177.0), (1883, 86.68, 166.51), (1884, 88.87, 173.54), (1885, 92.71, 170.71), (1886, 93.41, 173.64), (1887, 82.11, 165.12), (1888, 83.2, 166.25), (1889, 85.69, 168.3), ]
RSM00022845	 - [(1886, 0.63, 0.0), (1887, -67.64, 0.0), ]
RSM00028440	 - [(1881, -25.57, 0.0), (1882, -43.97, 0.0), (1885, -139.87, -62.08), (1886, -33.67, 52.32), (1888, -43.19, 89.73), (1889, -108.24, 58.42), ]
SZ000002220	 - [(1882, -49.34, -3.31), (1883, -49.43, 21.22), (1884, -45.11, 12.09), (1885, -37.75, 16.37), (1886, -42.49, 17.48), (1887, -49.71, 11.77), ]
UPM00033587	 - [(1885, 12.89, 0.0), (1887, 25.37, 127.73), (1888, 20.07, 127.18), (1889, 16.19, 103.96), ]
USC00015555	 - [(1880, 144.36, 242.69), (1881, 142.64, 246.28), (1882, 141.63, 243.41), (1883, 143.51, 250.79), (1884, 133.61, 242.11), (1885, 121.38, 228.12), (1886, 127.42, 231.15), (1887, 135.56, 242.7), (1888, 134.47, 239.45), (1889, 128.83, 242.05), ]
USC00034251	 - [(1880, 124.71, 217.85), (1881, 129.92, 224.01), (1882, 129.88, 219.36), (1883, 121.39, 222.89), (1884, 116.28, 218.35), (1885, 114.95, 219.41), (1886, 104.47, 204.95), (1887, 113.05, 225.17), (1888, 110.41, 212.58), (1889, 117.2, 218.96), ]
USC00061536	 - [(1885, 17.31, 152.95), (1886, 13.96, 139.78), (1887, -78.74, 45.34), ]
USC00065445	 - [(1884, -44.41, 36.21), (1885, 2.64, 113.21), (1886, 16.52, 122.74), (1887, -105.46, -10.32), ]
USC00173046	 - [(1886, -3.34, 97.61), (1887, 11.79, 115.43), (1888, 13.25, 109.41), (1889, 34.3, 131.38), ]
USC00191097	 - [(1884, -26.22, 59.57), (1885, 38.87, 133.73), (1886, 41.18, 132.98), (1887, 41.46, 132.13), (1888, 33.38, 120.96), (1889, 52.11, 136.9), ]
USC00195891	 - [(1886, -47.0, 0.0), (1887, -47.5, 161.5), ]
USC00198375	 - [(1884, -18.02, 82.13), (1885, 27.58, 149.87), (1886, 34.21, 150.5), (1887, 43.71, 155.09), (1888, 23.85, 138.82), (1889, 45.14, 154.26), ]
USC00199731	 - [(1885, -32.81, 72.14), (1886, 21.97, 122.23), (1887, 16.18, 119.37), (1888, -13.4, 114.78), ]
USC00262383	 - [(1889, 121.44, 251.36), ]
USC00269430	 - [(1889, 120.91, 246.52), ]
USC00319191	 - [(1883, 139.5, 230.47), (1887, 12.17, 117.79), (1888, 88.59, 206.12), (1889, 94.09, 202.81), ]
USC00348285	 - [(1888, 22.0, 183.0), ]
USC00367239	 - [(1884, 1.61, 209.34), (1885, 35.97, 111.27), (1886, 40.98, 119.57), (1887, 36.79, 145.44), (1888, 29.89, 148.05), (1889, 47.66, 161.99), ]
USC00383742	 - [(1884, 147.18, 286.56), (1885, 154.69, 283.63), (1886, 153.54, 291.8), (1887, 155.66, 296.32), (1888, 147.2, 281.07), (1889, 133.11, 262.51), ]
USC00419421	 - [(1883, 193.32, 342.14), (1884, 185.08, 307.04), (1885, 191.01, 303.68), (1886, 200.89, 319.39), (1887, 203.42, 324.33), (1888, 162.06, 278.83), ]
USC00469368	 - [(1881, 0.0, -180.5), ]
USC00474375	 - [(1880, 37.87, 131.75), (1881, 44.19, 130.03), (1882, 46.49, 130.16), (1883, 19.47, 107.32), (1884, 31.68, 117.84), (1885, 27.13, 113.17), (1886, 38.5, 133.27), (1887, 20.47, 128.7), (1888, 13.37, 109.17), (1889, 29.27, 133.9), ]
USW00014971	 - [(1883, 103.62, 194.46), (1886, -23.82, 92.87), (1887, -76.08, 98.52), (1888, 29.88, 152.22), (1889, 30.8, 172.43), ]
USW00024121	 - [(1888, -13.58, 228.21), (1889, -28.53, 222.62), ]
USW00024157	 - [(1889, 31.35, 149.06), ]
