AGE00147705	 - [(1886, 0.0, 154.0), (1887, 145.2, 228.23), (1888, 149.35, 224.32), (1889, 144.27, 220.39), ]
AGE00147711	 - [(1886, 110.67, 227.06), (1887, 93.93, 215.0), (1888, 92.56, 203.81), (1889, 88.81, 197.96), ]
ASN00035027	 - [(1889, 193.89, 319.7), ]
ASN00038003	 - [(1888, 158.53, 328.07), (1889, 176.67, 329.94), ]
CA001100120	 - [(1889, -13.6, 65.32), ]
CA001105550	 - [(1880, 39.06, 120.71), (1881, 47.11, 130.36), (1882, -19.8, 30.02), ]
CA004040420	 - [(1880, -102.41, 62.44), (1881, -102.26, 40.46), (1882, -117.61, 3.33), (1883, -196.55, -58.61), (1884, -107.43, 8.66), (1885, -290.07, -188.71), (1886, -119.78, -0.11), ]
CA004056230	 - [(1884, -163.16, -14.24), (1885, -108.13, 43.57), (1886, -112.33, 63.77), (1887, -88.3, 65.12), (1888, -119.92, 113.53), (1889, -69.85, 86.45), ]
CA005012520	 - [(1883, -118.68, 6.9), (1884, -82.37, 41.8), (1885, -75.15, 53.0), (1886, -79.04, 63.31), (1887, -87.8, 51.79), (1888, -82.48, 47.47), (1889, -66.66, 88.86), ]
CA005062047	 - [(1884, 0.0, -45.0), (1885, -315.89, -215.3), ]
CA006055095	 - [(1882, -35.78, 50.1), ]
CA006085023	 - [(1882, 88.64, 217.12), (1883, -95.42, 47.23), (1886, 17.49, 141.38), (1887, -47.84, 113.94), (1888, -35.21, 108.45), (1889, -38.4, 119.78), ]
CA006102417	 - [(1880, 19.84, 144.57), (1881, 60.26, 184.33), (1882, -10.03, 121.88), (1883, -25.21, 106.59), (1884, -1.63, 134.73), (1885, -36.71, 113.55), ]
CA006108060	 - [(1880, -28.31, 100.58), (1881, -23.03, 109.96), (1882, -26.4, 98.38), (1883, -51.71, 83.74), (1884, -35.37, 95.31), (1885, -49.7, 84.24), (1886, -40.9, 95.22), (1887, -45.25, 98.49), (1888, -41.83, 86.56), (1889, -16.62, 106.24), ]
CA006111375	 - [(1887, -51.13, 100.75), (1888, -44.7, 86.84), (1889, -20.18, 105.49), ]
CA006119064	 - [(1886, -7.45, 124.65), (1887, -38.13, 99.3), (1888, -53.82, 93.92), (1889, -25.03, 107.27), ]
CA006142284	 - [(1882, 7.83, 108.92), (1883, -9.27, 96.95), (1885, -4.31, 96.36), (1886, 5.99, 104.04), (1887, 5.7, 109.35), (1888, 2.29, 99.9), (1889, 22.24, 115.59), ]
CA006153192	 - [(1880, 32.55, 140.34), (1881, 17.85, 148.86), (1882, 13.65, 140.24), (1883, 0.08, 125.9), (1884, 10.38, 137.36), (1885, -5.84, 121.12), (1886, 6.34, 132.71), (1887, -6.44, 136.56), (1888, -58.51, 55.79), ]
CA006164430	 - [(1880, 11.3, 125.76), (1881, 3.83, 123.81), (1882, -0.63, 113.95), (1883, -20.78, 97.59), (1884, -9.92, 113.2), (1885, -21.58, 98.7), (1886, -9.22, 113.05), (1887, -10.22, 116.15), (1888, -15.82, 105.45), (1889, 7.2, 113.9), ]
CA006165195	 - [(1886, -114.98, -3.79), (1887, -38.94, 115.82), (1888, -41.38, 100.53), (1889, -15.85, 117.48), ]
CA006166416	 - [(1880, 6.47, 126.91), (1881, 10.32, 131.78), (1882, 6.11, 122.77), (1883, -7.73, 107.92), (1884, 11.14, 123.12), (1885, -7.94, 110.51), (1886, -3.6, 118.82), (1887, -15.69, 128.7), ]
CA007016280	 - [(1880, -14.01, 90.33), (1881, -5.64, 91.45), (1882, -17.17, 81.95), (1883, -27.97, 74.46), (1884, -16.07, 77.84), (1885, -24.62, 72.49), (1886, -18.37, 80.73), (1887, -16.79, 75.7), (1888, -19.24, 66.54), (1889, 1.74, 85.74), ]
CA008100990	 - [(1880, -20.52, 101.31), (1881, -11.06, 100.59), (1882, -20.31, 94.05), (1883, -30.75, 91.65), (1884, -22.87, 88.77), (1885, -22.21, 96.62), (1886, -11.63, 99.93), (1887, -22.11, 98.12), (1888, -19.33, 90.19), (1889, 6.93, 115.28), ]
CA008101170	 - [(1880, -11.28, 89.25), (1881, -18.22, 73.91), (1882, -28.77, 75.79), (1883, -43.88, 63.65), (1884, -37.6, 64.73), (1885, -31.23, 54.29), (1886, -24.4, 82.37), (1887, -27.81, 77.06), (1888, -24.87, 72.87), (1889, -12.8, 91.77), ]
CA008101230	 - [(1880, -123.74, -24.35), (1888, -14.83, 85.39), (1889, 9.87, 97.22), ]
CA008101920	 - [(1883, 42.34, 132.7), (1884, 13.78, 99.34), (1885, 9.77, 97.06), (1886, 17.11, 105.36), (1887, 8.65, 102.36), (1888, 4.77, 92.43), (1889, 24.75, 111.55), ]
CA008103825	 - [(1886, 32.09, 151.12), (1887, -11.94, 100.27), (1888, -25.11, 56.1), (1889, -8.59, 101.52), ]
CA008206410	 - [(1880, -37.54, 67.92), (1881, 21.28, 103.45), (1882, 10.14, 101.63), (1883, -135.11, 69.56), ]
CA008300298	 - [(1880, 3.27, 91.65), (1881, 6.15, 89.75), (1882, -1.12, 85.38), (1883, -4.34, 87.37), (1884, -5.61, 84.62), (1885, -0.08, 92.33), (1886, -33.3, 61.92), (1888, 54.54, 125.35), (1889, 30.15, 107.17), ]
CA008300430	 - [(1889, 35.3, 122.69), ]
CA008500500	 - [(1884, -9.97, 34.31), (1885, -23.16, 16.71), (1886, -26.05, 17.59), (1887, -38.31, 5.96), (1888, -37.79, 20.41), (1889, -24.22, 26.44), ]
DA000032030	 - [(1880, 53.34, 102.08), (1881, 41.05, 87.4), (1882, 61.73, 107.42), (1883, 50.78, 96.61), (1884, 57.43, 105.66), (1885, 53.15, 100.08), (1886, 52.54, 104.01), (1887, 51.5, 99.65), (1888, 41.52, 83.62), (1889, 50.06, 96.38), ]
HRE00105182	 - [(1880, 41.31, 139.62), ]
KZ000035188	 - [(1884, -8.49, 0.0), (1885, -45.02, 0.0), ]
RSM00032061	 - [(1881, -45.54, 0.0), (1882, -40.58, 0.0), (1883, -54.7, 0.0), (1884, -68.38, 0.0), (1885, -64.02, 0.0), (1886, -44.84, 0.0), (1887, -53.52, 0.0), (1888, -48.35, 0.0), (1889, -66.37, 0.0), ]
UK000003026	 - [(1880, 54.52, 110.77), (1881, 40.91, 98.95), (1882, 51.19, 107.44), (1883, 49.35, 105.91), (1884, 50.99, 109.41), (1885, 41.23, 99.9), (1886, 39.3, 102.2), (1887, 45.65, 105.77), (1888, 43.05, 101.33), (1889, 50.75, 109.17), ]
UK000056225	 - [(1880, 59.97, 134.11), (1881, 55.23, 132.85), (1882, 64.47, 138.3), (1883, 62.02, 136.5), (1884, 64.83, 144.29), (1885, 54.17, 129.57), (1886, 55.8, 129.59), (1887, 46.01, 129.07), (1888, 52.0, 122.87), (1889, 54.94, 128.45), ]
USC00011685	 - [(1889, 180.14, 310.88), ]
USC00030936	 - [(1883, 191.15, 298.19), (1884, 137.75, 296.73), (1885, 187.57, 307.05), (1886, 176.38, 298.97), (1887, 215.51, 326.09), (1888, 193.86, 302.69), (1889, 174.55, 279.08), ]
USC00134049	 - [(1883, 87.69, 151.96), (1884, 58.15, 119.52), (1885, 33.26, 93.54), (1886, 47.45, 112.07), (1887, 44.4, 111.86), (1888, -189.81, -121.42), ]
USC00172740	 - [(1886, 5.81, 125.08), (1887, -3.95, 123.9), (1888, -10.63, 103.85), (1889, 22.45, 161.29), ]
USC00190830	 - [(1889, 64.75, 146.66), ]
USC00193110	 - [(1885, 51.28, 172.62), (1886, 20.14, 136.18), (1887, 7.98, 117.36), (1888, -12.82, 108.5), (1889, 30.27, 140.18), ]
USC00194295	 - [(1885, 41.3, 132.67), (1886, 45.98, 128.74), (1887, 51.41, 132.57), (1888, 42.01, 123.8), (1889, 67.17, 135.77), ]
USC00194313	 - [(1885, 146.1, 241.45), (1889, 45.14, 146.18), ]
USC00194340	 - [(1885, -40.16, 117.01), (1886, 32.42, 133.59), (1887, 12.61, 133.92), (1888, -0.03, 119.79), (1889, 25.65, 139.01), ]
USC00194760	 - [(1885, 42.37, 129.07), (1886, 37.49, 121.65), (1887, -47.37, 38.26), ]
USC00198960	 - [(1885, 78.87, 201.86), (1886, 34.99, 155.87), (1887, 25.36, 146.11), (1888, 15.33, 136.85), (1889, 44.53, 147.66), ]
USC00200718	 - [(1888, -33.0, 72.0), ]
USC00201744	 - [(1889, 63.46, 176.41), ]
USC00205065	 - [(1888, 59.18, 130.55), (1889, 32.9, 104.94), ]
USC00241008	 - [(1880, 72.0, 239.0), ]
USC00263040	 - [(1888, -34.07, 117.69), (1889, 27.2, 179.22), ]
USC00268761	 - [(1887, -60.65, 74.19), (1889, 82.97, 187.94), ]
USC00270690	 - [(1886, 11.9, 162.55), (1887, -29.22, 123.36), (1888, -29.63, 104.12), (1889, 25.66, 146.65), ]
USC00275712	 - [(1885, -10.95, 89.89), (1886, 21.85, 144.35), (1887, 19.71, 137.64), (1888, 17.17, 135.18), (1889, 35.81, 148.65), ]
USC00287865	 - [(1880, 81.63, 127.07), (1881, 81.94, 157.34), (1882, 80.18, 149.39), (1883, 81.97, 155.58), (1884, 76.99, 152.55), (1885, 67.01, 147.93), (1886, 83.51, 141.51), ]
USC00331662	 - [(1880, 57.43, 143.3), (1881, 58.28, 139.27), (1882, 56.28, 138.2), (1883, 41.87, 132.33), (1884, 48.15, 137.59), (1885, 36.36, 124.71), (1886, 44.6, 136.71), (1887, 49.23, 141.48), (1888, 47.06, 132.73), (1889, 59.81, 140.65), ]
USC00363711	 - [(1888, 89.91, 172.52), (1889, 69.56, 153.27), ]
USC00411888	 - [(1882, 166.34, 0.0), (1883, 74.48, 0.0), (1887, 61.43, 0.0), (1888, 93.18, 184.32), (1889, 145.19, 262.03), ]
USC00444876	 - [(1889, 91.8, 215.83), ]
USC00462735	 - [(1889, 105.15, 166.54), ]
USC00485355	 - [(1881, 878.0, 44.0), ]
USW00024274	 - [(1880, 61.57, 148.98), (1881, 74.22, 158.78), (1882, 69.46, 162.01), (1883, 69.31, 165.15), (1884, 64.59, 164.23), (1885, 73.43, 189.45), (1886, 70.46, 171.49), (1887, 65.5, 162.07), (1888, 69.76, 173.11), (1889, 71.93, 181.49), ]
USW00053875	 - [(1880, 114.58, 207.75), (1881, 115.65, 211.85), (1882, 115.98, 208.43), (1883, 113.83, 214.16), (1884, 107.99, 208.36), (1885, 97.77, 197.07), (1886, 92.25, 199.31), (1887, 104.66, 215.75), (1888, 105.27, 211.54), (1889, 102.96, 213.33), ]
USW00093820	 - [(1887, -11.49, 95.1), (1888, 69.41, 176.13), (1889, 84.11, 180.57), ]
