AGE00147719	 - [(1888, 93.07, 265.2), (1889, 87.18, 260.07), ]
AJ000037735	 - [(1882, 96.55, 210.93), ]
AM000037789	 - [(1886, 45.17, 0.0), (1887, 49.22, 0.0), (1888, -15.26, 0.0), (1889, 62.76, 0.0), ]
ASN00015540	 - [(1880, 124.64, 306.51), (1881, 133.05, 303.56), (1882, 133.57, 284.92), (1883, 120.38, 298.06), (1884, 126.75, 299.66), (1885, 118.49, 296.68), (1886, 124.31, 295.19), (1887, 122.47, 289.9), (1888, 133.26, 301.23), (1889, 139.16, 301.21), ]
ASN00076077	 - [(1889, 96.86, 225.26), ]
CA003031093	 - [(1881, -121.72, 17.03), (1882, -103.86, 38.5), (1884, -30.79, 104.22), (1885, -32.35, 121.79), (1886, -39.84, 106.62), (1887, -54.27, 81.44), (1888, -37.98, 91.43), (1889, -27.47, 123.4), ]
CA003032680	 - [(1885, 40.86, 173.06), (1886, -73.33, 65.51), ]
CA004016560	 - [(1883, -239.84, -107.35), (1884, -82.14, 52.28), (1885, -59.06, 75.1), (1886, -61.73, 77.21), (1887, -74.69, 61.37), (1888, -308.74, -203.68), ]
CA004028035	 - [(1885, -108.42, 1.84), (1886, -36.56, 106.81), (1887, -54.09, 81.32), (1888, -45.98, 90.02), (1889, -31.07, 123.9), ]
CA005022547	 - [(1880, -65.81, 62.45), (1881, -53.5, 77.06), (1882, -77.55, 57.37), (1883, -87.62, 52.7), (1884, -76.97, 57.41), (1885, -52.69, 78.85), ]
CA005022790	 - [(1880, -59.58, 63.96), (1881, -39.51, 105.47), (1882, 0.0, 77.99), (1883, -68.53, 46.39), (1884, -62.25, 59.87), (1885, -71.56, 67.58), (1886, -60.04, 75.51), (1887, -70.21, 65.25), (1888, -61.4, 69.58), (1889, -44.44, 100.19), ]
CA005063350	 - [(1880, -133.33, -43.9), (1881, -118.65, -18.38), (1882, -106.68, -4.17), (1883, -220.99, -130.68), (1885, -177.61, -117.82), (1886, -125.3, -39.52), (1887, -150.43, -60.7), (1888, -133.93, -53.4), (1889, -115.26, -22.3), ]
CA006057595	 - [(1889, 24.04, 130.73), ]
CA006100969	 - [(1885, 28.35, 122.59), (1886, 14.74, 113.69), ]
CA006101872	 - [(1880, 8.97, 121.82), (1881, 14.14, 120.79), (1882, 6.7, 110.78), (1883, -8.98, 103.97), (1884, 3.21, 109.75), (1885, -6.9, 97.46), (1886, 1.45, 109.99), (1887, -2.69, 108.22), ]
CA006110458	 - [(1889, -45.98, 43.48), ]
CA006110605	 - [(1880, -17.18, 104.93), (1881, -12.13, 116.79), (1882, -18.53, 103.3), (1883, -38.99, 84.86), (1884, -22.36, 95.35), (1885, -32.1, 80.13), (1886, -21.42, 92.68), (1887, -26.26, 97.28), (1888, -26.6, 84.11), (1889, -1.52, 102.88), ]
CA006112171	 - [(1882, 13.2, 94.48), (1883, -0.79, 85.69), (1884, 11.22, 101.11), (1885, -2.3, 86.48), (1886, 10.54, 103.06), (1887, 9.07, 106.05), (1888, -1.55, 93.45), (1889, 18.22, 111.63), ]
CA006116128	 - [(1880, 15.79, 117.68), (1881, 20.14, 128.03), (1882, 9.17, 110.48), (1883, -14.2, 92.15), (1884, -6.5, 101.21), (1885, -24.06, 84.68), (1886, 4.85, 102.3), (1887, -10.44, 113.37), (1888, 10.63, 109.83), (1889, 12.39, 111.76), ]
CA006122845	 - [(1880, 39.63, 119.19), (1881, 36.55, 119.78), (1882, 41.02, 119.37), (1883, 17.03, 102.45), (1884, 29.07, 112.61), (1885, 10.95, 97.9), (1886, 23.07, 108.66), (1887, 24.36, 112.7), ]
CA006140941	 - [(1881, 74.35, 202.05), (1882, 21.99, 131.89), (1883, -42.12, 69.74), (1884, 8.79, 127.66), (1885, -4.59, 111.22), (1886, 27.87, 127.1), (1887, 17.03, 135.68), (1888, 6.59, 122.58), (1889, -34.21, 74.63), ]
CA006144505	 - [(1883, 27.33, 139.52), (1884, 13.17, 119.95), (1885, 1.5, 103.8), (1886, 14.58, 116.38), (1887, 17.87, 120.44), (1888, 10.57, 110.14), (1889, 27.55, 126.54), ]
CA006147340	 - [(1888, -57.06, 10.32), (1889, 21.02, 126.0), ]
CA006158350	 - [(1880, 30.92, 118.86), (1881, 32.93, 124.21), (1882, 31.08, 117.89), (1883, 6.4, 100.96), (1884, 16.52, 111.07), (1885, 4.29, 98.62), (1886, 18.03, 110.03), (1887, 19.36, 114.61), (1888, 13.61, 105.75), (1889, 32.7, 118.75), ]
CA006163156	 - [(1888, 26.44, 145.69), (1889, -4.0, 108.52), ]
CA007056067	 - [(1880, -29.2, 62.39), (1881, -22.34, 67.3), (1882, -31.77, 57.79), (1883, -43.93, 55.66), (1884, -43.81, 51.17), (1885, -29.18, 52.1), (1886, -29.78, 57.84), (1887, -36.99, 50.1), (1888, -36.22, 48.96), (1889, -19.41, 66.44), ]
CA008100500	 - [(1880, -17.0, 87.62), (1881, -56.85, 44.02), (1882, -21.21, 98.73), (1883, -48.42, 75.35), (1884, -27.67, 93.62), (1885, -22.2, 100.8), (1886, -23.39, 104.15), (1887, -35.77, 95.37), (1888, -24.8, 101.85), (1889, -2.25, 127.47), ]
CA008204480	 - [(1885, 4.58, 141.57), (1886, 0.88, 91.78), (1887, -45.72, 11.25), (1888, -33.32, 25.23), ]
CA008205698	 - [(1880, -2.46, 99.13), (1881, 7.67, 96.84), (1882, 3.43, 93.45), (1883, -3.3, 96.91), (1884, 1.58, 96.35), (1885, 3.32, 102.24), (1886, 17.35, 110.81), (1887, 8.23, 103.05), (1888, 6.73, 97.48), (1889, 24.82, 122.62), ]
DA000021100	 - [(1880, 49.89, 106.39), (1881, 33.32, 84.86), (1882, 57.33, 106.42), (1883, 49.78, 100.42), (1884, 57.87, 107.77), (1885, 45.1, 93.99), (1886, 42.88, 97.41), (1887, 44.98, 97.13), (1888, 38.98, 87.05), (1889, 55.27, 104.16), ]
ITE00100550	 - [(1880, 97.46, 177.78), (1881, 110.18, 160.73), (1882, 102.42, 176.48), (1883, 100.74, 163.33), (1884, 102.62, 166.48), (1885, 102.3, 167.05), (1886, 95.1, 173.82), (1887, 97.1, 167.04), (1888, 92.34, 170.06), (1889, 96.7, 167.59), ]
RSM00022550	 - [(1881, -17.97, 42.73), (1882, -10.11, 41.91), (1883, -7.62, 45.12), (1884, -31.77, 23.11), (1885, -32.81, 30.39), (1886, -11.72, 39.84), (1887, -17.07, 40.81), (1888, -40.11, 17.96), (1889, -8.02, 44.47), ]
RSM00023711	 - [(1888, -66.15, 0.0), (1889, -36.2, 0.0), ]
RSM00030710	 - [(1887, -78.51, 65.66), (1888, -86.74, 55.72), (1889, -91.28, 47.19), ]
UK000000000	 - [(1880, 0.0, 64.0), (1881, 48.89, 122.83), (1882, 57.92, 131.56), (1883, 52.21, 128.32), (1884, 59.46, 137.51), (1885, 47.46, 124.46), (1886, 51.74, 122.88), (1887, 42.4, 123.75), (1888, 47.77, 117.18), (1889, 54.33, 126.22), ]
UPM00033889	 - [(1887, 58.78, 186.92), (1888, 46.72, 192.6), (1889, 40.19, 143.71), ]
UPM00033976	 - [(1882, 101.21, 150.6), (1883, 48.14, 90.39), (1885, 101.18, 148.56), ]
USC00012386	 - [(1889, 95.36, 0.0), ]
USC00034988	 - [(1883, 145.61, 247.77), (1884, 91.96, 208.99), (1885, 87.45, 206.48), (1886, -33.85, 64.83), ]
USC00046115	 - [(1888, 175.22, 320.64), (1889, 145.0, 274.79), ]
USC00047738	 - [(1880, 109.67, 188.77), (1881, 117.14, 200.0), (1882, 115.23, 197.01), (1883, 124.55, 205.0), (1884, 120.98, 200.83), (1885, 129.38, 210.37), (1886, 125.17, 198.15), (1887, 123.28, 195.46), (1888, 131.83, 199.18), (1889, 127.41, 212.01), ]
USC00174230	 - [(1885, -25.35, 57.25), (1886, 6.11, 112.81), (1887, -24.79, 75.12), (1888, -6.51, 74.65), (1889, 31.1, 116.67), ]
USC00190595	 - [(1885, 79.84, 165.41), (1886, -1.54, 81.67), (1887, -99.72, -14.12), (1888, 8.35, 94.11), (1889, 14.82, 83.89), ]
USC00193625	 - [(1885, -3.55, 0.0), (1886, 26.23, 0.0), (1887, 27.64, 0.0), (1888, 20.25, 383.0), (1889, 41.89, 0.0), ]
USC00194360	 - [(1885, 15.12, 90.23), (1886, 46.16, 126.51), (1887, 43.74, 123.67), (1888, 36.48, 115.17), (1889, 58.64, 131.53), ]
USC00194795	 - [(1885, 74.33, 178.59), (1886, 32.88, 138.88), (1887, 36.9, 136.33), (1888, 25.16, 125.95), (1889, 45.49, 142.58), ]
USC00201215	 - [(1889, 126.97, 214.21), ]
USC00202466	 - [(1889, 149.11, 272.21), ]
USC00252065	 - [(1889, 181.82, 292.37), ]
USC00261395	 - [(1889, 86.74, 205.38), ]
USC00268349	 - [(1888, -20.28, 127.92), (1889, -2.95, 151.49), ]
USC00271682	 - [(1880, 31.08, 156.53), (1881, 32.78, 149.53), (1882, 21.53, 145.91), (1883, 10.26, 137.95), (1884, 26.67, 132.85), (1885, 15.04, 126.72), (1886, 24.91, 134.85), (1887, 25.73, 129.67), (1888, 17.67, 120.96), (1889, 35.21, 141.29), ]
USC00288878	 - [(1880, 101.08, 175.03), (1881, -44.61, 28.64), (1887, 130.93, 196.07), (1888, 90.26, 158.4), (1889, 99.35, 171.54), ]
USC00338366	 - [(1880, 69.27, 153.39), (1881, 70.3, 151.23), (1882, 66.42, 147.68), (1883, 47.66, 137.59), (1884, 55.69, 144.35), (1885, 40.25, 128.57), (1886, 40.89, 138.72), (1887, 46.0, 142.79), (1888, 39.46, 134.35), (1889, 53.44, 145.91), ]
USC00464897	 - [(1889, 108.37, 184.95), ]
USW00013724	 - [(1880, 77.8, 157.97), (1881, 79.69, 150.91), (1882, 76.28, 149.95), (1883, 68.96, 143.74), (1884, 76.53, 152.38), (1885, 65.79, 145.07), (1886, 69.34, 148.02), (1887, 75.58, 150.3), (1888, 65.17, 143.78), (1889, 80.65, 146.22), ]
