AGE00147713	 - [(1880, 79.94, 207.63), (1881, 79.34, 214.39), (1882, 69.04, 210.48), (1886, 97.63, 222.97), (1887, 82.7, 205.98), (1888, 74.66, 203.21), (1889, 69.15, 173.64), ]
ASN00044022	 - [(1889, 116.39, 257.29), ]
ASN00065016	 - [(1880, 112.33, 264.84), (1881, 103.79, 247.47), (1882, 110.53, 252.31), (1883, 98.3, 238.75), (1884, 84.04, 241.95), (1885, 95.6, 259.09), (1886, 94.63, 237.77), (1887, 89.52, 336.9), (1888, 90.11, 270.71), (1889, 130.54, 239.3), ]
ASN00094029	 - [(1882, 69.81, 148.36), (1883, 88.48, 170.15), (1884, 76.45, 165.17), (1885, 75.4, 163.38), (1886, 73.71, 164.13), (1887, 77.21, 170.52), (1888, 71.77, 167.4), (1889, 79.88, 169.34), ]
AU000015410	 - [(1886, -134.43, -80.49), (1887, -98.05, -49.84), (1888, -92.24, -45.36), (1889, -92.99, -49.03), ]
CA001114620	 - [(1881, 38.69, 138.12), (1882, 35.85, 134.59), (1883, 37.71, 145.69), ]
CA006104185	 - [(1880, 24.31, 126.31), (1881, 24.42, 127.7), (1882, 24.51, 121.17), (1883, 4.19, 101.59), (1884, 16.5, 106.96), (1885, 3.66, 92.91), (1886, 16.62, 106.18), (1887, 18.48, 108.46), (1888, 12.97, 101.72), (1889, 33.35, 113.05), ]
CA006105976	 - [(1889, -59.52, 13.95), ]
CA006111766	 - [(1885, 9.77, 92.17), (1886, 7.12, 113.08), (1887, 2.65, 115.53), (1888, -18.26, 103.49), (1889, -1.56, 115.97), ]
CA006111793	 - [(1881, 103.91, 205.11), ]
CA006116254	 - [(1880, -5.87, 105.12), (1881, -1.88, 111.78), (1882, -2.74, 104.01), (1883, -28.39, 88.1), (1884, -14.84, 101.39), (1885, -31.22, 86.71), (1886, -13.9, 99.73), (1887, -18.71, 101.59), (1888, -22.93, 89.86), (1889, 4.03, 107.98), ]
CA006129850	 - [(1881, 73.15, 184.27), (1882, 23.89, 127.79), (1883, -3.09, 111.88), (1884, 12.14, 120.79), (1885, -0.53, 106.46), (1886, 14.01, 119.7), (1887, 15.54, 124.64), (1888, 7.64, 112.41), (1889, 26.34, 127.62), ]
CA006142993	 - [(1880, 25.81, 128.35), (1881, 23.57, 132.28), (1882, 20.4, 125.37), (1883, 0.07, 110.15), (1884, 11.93, 120.99), (1885, -1.03, 105.45), (1886, 13.12, 121.44), ]
CA006148120	 - [(1881, -29.63, 44.33), (1882, 13.1, 118.98), (1883, -5.39, 110.51), (1884, -1.61, 112.75), (1885, -128.92, -10.52), ]
CA006158065	 - [(1889, 36.27, 127.54), ]
CA008105600	 - [(1886, -101.64, -0.47), (1887, -26.97, 94.82), (1888, -14.17, 87.21), (1889, 2.94, 112.9), ]
CA008204420	 - [(1881, 6.43, 92.62), (1882, 5.45, 91.55), (1883, 8.78, 101.23), (1884, 8.48, 100.63), (1885, 15.79, 112.07), (1886, 27.42, 129.29), (1887, 12.87, 107.6), (1888, 9.63, 97.67), (1889, 31.07, 121.67), ]
CA008403635	 - [(1889, 55.35, 126.09), ]
GM000004199	 - [(1880, 40.26, 124.03), (1881, 34.28, 119.82), (1882, 38.5, 126.54), (1883, 36.52, 119.57), (1884, 42.55, 128.96), (1885, 36.32, 125.81), (1886, 41.22, 126.61), (1887, 28.06, 112.17), (1888, 33.06, 113.29), (1889, 35.79, 112.8), ]
HRE00105189	 - [(1880, 131.36, 192.93), (1881, 127.57, 188.8), (1882, 134.27, 200.07), (1883, 128.38, 193.79), (1884, 126.95, 194.35), (1885, 136.08, 200.44), (1886, 135.99, 200.75), (1887, 130.71, 199.05), (1888, 126.95, 0.0), (1889, 108.75, 0.0), ]
KZ000035700	 - [(1881, 24.43, 0.0), (1882, -116.39, 0.0), (1885, -0.81, 43.08), (1886, 0.0, 118.65), (1887, 0.0, 244.11), ]
RSM00024944	 - [(1882, -168.71, 0.0), ]
RSM00024959	 - [(1888, 9.46, 127.98), (1889, -110.35, 0.0), ]
RSM00026063	 - [(1881, -8.35, 67.19), (1882, 13.01, 0.0), (1883, 4.64, 69.98), (1884, -2.01, 70.82), (1885, 3.48, 78.12), (1886, 11.36, 81.7), (1887, 15.74, 80.81), (1888, -16.69, 56.88), (1889, 8.15, 78.77), ]
RSM00026477	 - [(1881, -25.82, 53.68), (1882, 22.01, 94.0), (1883, 17.18, 97.32), (1884, 15.42, 107.81), (1885, 20.39, 107.61), (1886, 6.47, 97.8), (1887, 21.94, 109.66), (1888, -22.28, 73.25), (1889, 3.86, 106.23), ]
RSM00034163	 - [(1884, -20.77, 0.0), ]
RSM00034880	 - [(1881, 48.72, 138.42), (1882, 58.9, 149.0), (1883, 50.87, 149.44), (1884, 49.15, 143.54), (1885, 46.38, 150.34), (1886, 8.46, 111.62), (1889, -113.19, -62.52), ]
RSM00037472	 - [(1882, 83.23, 0.0), (1883, 83.6, 0.0), (1884, 79.05, 0.0), (1885, 53.98, 0.0), (1886, 84.03, 0.0), (1887, 92.51, 0.0), (1888, 85.4, 0.0), (1889, 82.82, 0.0), ]
USC00034562	 - [(1883, 162.86, 302.73), (1884, 163.15, 304.04), (1885, 154.02, 311.54), (1886, 177.36, 321.07), (1887, 154.1, 320.97), (1888, 199.93, 310.11), (1889, 158.89, 286.48), ]
USC00067361	 - [(1884, -41.02, 58.02), (1885, 24.96, 132.82), (1886, 27.63, 131.42), (1887, 34.07, 139.78), (1888, 24.35, 126.13), (1889, 48.87, 145.63), ]
USC00068138	 - [(1888, 63.52, 167.39), (1889, 40.8, 129.39), ]
USC00090284	 - [(1883, -25.0, 0.0), (1884, -26.95, 361.0), (1887, -24.37, 0.0), (1888, -22.14, 0.0), (1889, -20.13, 0.0), ]
USC00175070	 - [(1885, 118.39, 239.22), (1886, -109.11, 205.43), (1887, -3.62, 242.1), (1888, -21.7, 226.33), (1889, -33.22, 235.21), ]
USC00177827	 - [(1887, 10.39, 108.95), (1888, -180.4, -53.6), ]
USC00198374	 - [(1885, 71.65, 176.8), (1886, 38.07, 157.39), (1887, 40.71, 153.85), (1888, 19.58, 126.57), (1889, 56.97, 157.1), ]
USC00275072	 - [(1885, 62.71, 179.58), (1886, 37.77, 157.8), (1887, 19.23, 123.19), (1888, 15.94, 123.13), (1889, 28.7, 132.55), ]
USC00276944	 - [(1887, -44.05, 60.76), (1888, -13.53, 112.33), ]
USC00316103	 - [(1882, 124.78, 0.0), ]
USC00318500	 - [(1887, 21.62, 130.59), ]
USC00354506	 - [(1887, 35.75, 187.32), (1888, -9.5, 110.32), (1889, 20.49, 159.85), ]
USC00413270	 - [(1880, 71.59, 215.96), ]
USC00464045	 - [(1883, 88.4, 200.74), (1884, 50.08, 166.95), (1885, 40.27, 148.18), (1886, 49.15, 158.4), (1887, 59.91, 167.17), (1888, 59.78, 148.31), (1889, -20.9, 65.06), ]
USW00013736	 - [(1880, 77.72, 171.69), (1881, 79.78, 174.22), (1882, 75.7, 166.1), (1883, -21.19, 77.52), ]
USW00093725	 - [(1880, 82.82, 184.05), (1881, 75.76, 173.64), (1882, 82.2, 177.31), (1883, 74.32, 175.42), (1884, 81.1, 182.1), (1885, 55.46, 168.29), (1886, 71.98, 137.48), (1887, 79.3, 176.41), (1888, 73.05, 169.28), (1889, 83.18, 175.21), ]
