AGE00147716	 - [(1880, 0.0, 240.52), (1881, 110.37, 228.62), (1882, 102.52, 226.85), (1883, 91.61, 231.72), (1884, 128.1, 219.11), (1885, 135.46, 232.79), (1886, 132.73, 223.22), (1887, 130.95, 220.2), (1888, 131.26, 217.16), (1889, 124.07, 214.41), ]
ASN00014016	 - [(1885, 230.32, 328.13), (1886, 237.48, 334.36), (1887, 227.14, 325.87), (1888, 234.34, 336.32), (1889, 240.53, 340.0), ]
ASN00048030	 - [(1881, 90.05, 275.88), (1882, 112.66, 0.0), (1883, 104.32, 290.48), (1884, 104.02, 324.63), (1885, 108.19, 286.26), (1886, 110.15, 270.67), (1887, 105.59, 284.57), (1888, 128.22, 299.34), (1889, 154.97, 288.19), ]
ASN00052026	 - [(1880, 127.47, 278.9), (1881, 127.76, 269.95), (1882, 115.31, 297.56), (1883, 115.75, 275.16), (1884, 133.22, 290.69), (1885, 125.45, 280.55), (1886, 128.68, 258.21), (1887, 123.75, 253.62), (1888, 122.95, 265.27), (1889, 140.59, 250.08), ]
ASN00055023	 - [(1880, 49.13, 287.2), (1881, 66.82, 289.35), (1882, 111.66, 296.7), (1883, 122.55, 270.28), (1884, 128.63, 261.02), (1885, 126.5, 248.76), (1886, 121.35, 239.02), (1887, 116.9, 231.05), (1888, 127.4, 267.94), (1889, 142.42, 281.35), ]
ASN00090015	 - [(1880, 104.4, 193.9), (1881, 102.0, 190.62), (1882, 100.55, 192.75), (1883, 104.08, 200.1), (1884, 96.79, 188.4), (1885, 91.08, 181.62), (1886, 103.86, 186.7), (1887, 106.02, 182.43), (1888, 103.98, 181.24), (1889, 108.28, 185.82), ]
AU000011801	 - [(1880, 36.86, 136.97), (1881, 36.15, 131.02), (1882, 37.83, 136.11), (1883, 31.96, 125.84), (1884, 44.5, 126.22), (1885, 40.76, 132.47), (1886, 46.58, 130.83), (1887, 39.43, 118.0), (1888, 42.09, 120.05), ]
CA001104468	 - [(1880, 32.54, 117.02), (1881, 46.33, 142.12), (1882, -7.29, 64.17), ]
CA003034480	 - [(1883, 63.57, 97.17), (1884, -19.39, 92.45), (1885, -17.13, 129.39), (1886, -18.9, 123.9), (1887, -39.21, 96.56), (1888, -23.12, 105.98), (1889, -8.56, 134.23), ]
CA003072145	 - [(1880, -97.42, 50.23), (1881, -78.27, 59.84), (1882, -81.19, 70.77), (1884, -4.29, 141.58), (1886, -114.51, 34.77), ]
CA004016320	 - [(1883, -18.31, 102.96), (1884, -70.48, 48.52), (1885, -50.64, 65.97), (1886, -53.12, 74.22), (1887, -68.13, 53.15), (1888, -55.8, 58.78), (1889, -34.59, 102.89), ]
CA005023243	 - [(1880, -65.84, 57.48), (1881, -58.49, 71.69), (1882, -50.41, 72.07), (1883, -80.62, 47.46), (1884, -65.04, 44.1), (1885, -61.9, 60.47), (1886, -60.81, 75.83), (1887, -73.5, 63.92), (1888, -62.3, 64.81), (1889, -45.15, 92.34), ]
CA006046588	 - [(1880, -53.23, 65.81), (1881, -37.48, 77.73), (1882, -33.67, 78.13), (1883, -68.18, 61.58), (1884, -54.78, 64.83), (1885, -54.77, 57.77), (1886, -44.72, 68.17), (1887, -49.77, 63.99), (1888, -50.32, 59.56), (1889, -29.13, 85.25), ]
CA006075400	 - [(1880, -72.25, 34.92), (1881, -67.24, 41.08), (1882, -189.01, -64.71), (1889, -127.34, -27.7), ]
CA006094450	 - [(1880, 5.43, 98.09), (1881, -8.1, 86.97), (1886, 30.02, 124.99), (1887, -7.6, 101.16), (1888, -9.03, 87.25), (1889, 14.41, 108.75), ]
CA006142252	 - [(1889, 24.8, 117.99), ]
CA006143083	 - [(1881, 87.0, 183.2), (1882, 28.48, 119.77), (1883, 4.9, 107.32), (1884, 5.29, 120.52), (1885, -13.57, 99.21), (1886, 4.62, 118.62), (1887, 6.02, 121.96), (1888, 0.48, 110.9), (1889, 9.39, 126.08), ]
CA006150913	 - [(1880, 27.16, 120.84), (1881, 22.72, 124.65), (1882, 12.51, 109.32), (1883, -1.67, 101.33), (1884, 6.42, 111.95), (1885, -12.14, 91.79), (1886, 4.22, 109.43), (1887, 6.34, 118.5), (1888, 4.57, 110.04), ]
CA006160465	 - [(1882, -54.56, 46.7), (1883, -43.55, 82.55), (1884, -35.95, 100.43), (1885, -42.51, 96.9), (1886, -155.42, -13.91), (1889, -58.22, 35.26), ]
CA007021954	 - [(1880, 43.38, 146.0), (1881, -1.77, 109.73), (1882, -11.91, 101.48), (1883, -24.08, 97.22), (1884, 2.61, 106.17), (1885, -20.33, 98.81), (1886, -13.46, 111.31), (1887, -11.74, 112.24), ]
CA007050790	 - [(1881, -8.5, 50.14), (1882, -7.17, 62.22), (1883, -8.83, 65.28), (1884, -11.9, 58.35), (1885, -4.12, 66.15), (1886, 5.1, 73.68), (1887, -4.25, 65.61), (1888, -3.18, 65.16), (1889, 7.27, 76.8), ]
CA007061440	 - [(1880, -151.45, 11.42), (1881, -78.12, 30.65), (1882, -40.89, 87.54), (1883, -41.26, 90.1), (1884, -42.51, 60.34), (1885, -48.11, 65.67), (1886, -41.22, 70.08), (1887, -39.88, 72.59), (1888, -40.42, 71.99), (1889, -27.58, 86.81), ]
CA008101700	 - [(1880, -17.19, 110.69), (1881, -5.16, 108.97), (1882, -17.36, 103.88), (1883, -30.17, 99.87), (1884, -17.85, 101.57), (1885, -21.55, 104.69), (1886, -10.27, 104.33), (1887, -15.58, 98.78), (1888, -14.06, 93.02), (1889, 5.1, 116.07), ]
CA008206490	 - [(1880, 21.87, 111.59), (1881, 27.8, 104.75), (1882, 22.57, 91.75), (1883, 16.51, 93.4), (1884, 26.11, 98.34), (1885, 25.52, 107.09), (1886, 18.29, 111.36), (1887, 19.09, 106.48), (1888, 22.66, 91.9), (1889, 42.12, 117.2), ]
CA008300441	 - [(1880, -9.58, 91.17), (1881, -2.78, 86.62), (1882, -10.75, 82.81), (1883, -17.51, 88.25), (1884, -14.07, 80.57), (1885, -9.82, 91.73), (1886, -4.08, 96.8), (1887, -11.88, 88.85), (1888, -11.24, 82.37), (1889, 8.6, 110.42), ]
CA008403500	 - [(1880, 0.05, 83.5), (1881, 0.84, 83.75), (1882, -6.12, 88.59), (1883, -7.2, 106.24), (1884, -11.08, 80.75), (1885, 7.29, 88.99), (1886, 9.12, 96.6), (1887, 1.07, 89.91), (1888, 3.3, 80.01), (1889, 22.94, 111.83), ]
EZE00100082	 - [(1880, 58.72, 130.63), (1881, 47.78, 116.32), (1882, 61.27, 129.18), (1883, 55.19, 122.54), (1884, 60.14, 130.07), (1885, 56.97, 128.11), (1886, 58.89, 128.96), (1887, 48.94, 116.68), (1888, 49.27, 116.45), (1889, 56.16, 120.59), ]
RSM00023804	 - [(1888, -4.82, 0.0), (1889, -29.4, 0.0), ]
RSM00027857	 - [(1881, -29.47, 0.0), (1882, -7.54, 0.0), (1883, -11.35, 0.0), (1884, -21.37, 0.0), (1887, -7.69, 0.0), ]
RSM00029348	 - [(1887, 94.0, 247.0), ]
TS000060765	 - [(1887, 122.48, 258.53), (1888, 99.45, 229.35), (1889, 137.02, 256.4), ]
UK000047811	 - [(1880, 53.36, 123.8), (1881, 46.01, 115.15), (1882, 53.43, 123.57), (1883, 46.67, 121.46), (1884, 49.63, 129.36), (1885, 44.06, 120.26), (1886, 46.03, 116.78), (1887, 46.45, 123.68), (1888, 46.28, 119.23), (1889, 54.19, 125.33), ]
UPM00033910	 - [(1885, 53.48, 0.0), (1886, 56.92, 0.0), (1887, 62.27, 0.0), (1889, 52.55, 0.0), ]
UPM00033946	 - [(1886, 87.04, 0.0), (1887, 58.67, 0.0), (1888, 51.89, 0.0), (1889, 57.97, 0.0), ]
USC00023096	 - [(1883, 161.49, 306.65), (1889, 118.9, 212.74), ]
USC00035186	 - [(1884, 121.38, 291.18), (1885, 167.5, 297.68), (1886, 180.42, 301.62), (1887, 163.38, 300.3), (1888, 164.18, 300.52), (1889, 131.09, 260.11), ]
USC00043157	 - [(1880, 0.0, 150.99), (1881, 0.0, 179.93), (1882, 23.24, 184.34), (1883, -10.26, 170.49), (1884, 15.84, 151.8), (1885, 41.77, 180.93), (1886, 28.98, 159.52), (1887, 20.43, 164.04), (1888, 27.81, 172.77), (1889, 28.41, 175.0), ]
USC00194012	 - [(1885, 6.69, 154.68), (1888, 27.4, 168.0), ]
USC00194405	 - [(1885, 114.17, 183.23), (1886, 120.18, 194.81), (1887, 123.89, 191.53), ]
USC00195317	 - [(1887, -16.37, 81.03), (1888, -85.85, 16.79), ]
USC00196988	 - [(1884, -52.21, 1.31), (1885, 19.8, 102.35), (1886, 31.03, 111.13), (1887, 24.9, 107.08), (1888, 15.38, 92.37), (1889, -20.41, 50.11), ]
USC00241418	 - [(1882, -78.0, -11.0), ]
USC00260507	 - [(1887, -13.34, 91.18), (1888, 33.35, 163.2), (1889, 17.31, 175.14), ]
USC00266252	 - [(1888, 14.45, 183.34), (1889, 6.8, 198.58), ]
USC00301010	 - [(1880, 48.65, 121.91), (1881, 45.05, 124.66), (1882, 46.92, 119.24), (1883, 30.6, 114.75), (1884, 37.55, 119.67), (1885, 27.69, 108.16), (1886, 40.45, 120.84), (1887, 42.52, 127.0), (1888, 32.96, 108.94), (1889, 49.48, 119.78), ]
USC00422996	 - [(1887, -378.29, -44.61), (1888, -44.89, 164.74), (1889, -5.38, 153.47), ]
USC00431072	 - [(1883, 0.0, -5.03), (1884, -66.71, 110.89), (1885, -92.9, 116.55), (1886, -65.13, 89.94), (1887, -73.12, 92.37), (1888, -83.29, 101.8), (1889, -44.41, 118.71), ]
USC00463100	 - [(1882, -14.11, 97.79), ]
USC00475484	 - [(1880, 40.93, 128.12), (1881, 42.1, 121.77), (1882, 48.4, 124.89), (1883, 22.35, 106.34), (1884, 26.03, 110.5), (1885, 12.96, 99.66), (1886, 25.4, 115.38), (1887, 28.3, 117.13), (1888, 22.11, 105.01), (1889, 39.01, 118.32), ]
USW00014936	 - [(1881, 45.29, 161.4), (1882, 5.95, 133.32), (1883, -10.9, 114.94), (1884, -10.09, 119.86), (1885, -1.65, 122.11), (1886, -6.98, 130.45), (1887, -13.16, 121.62), (1888, -14.17, 120.05), (1889, 0.4, 138.47), ]
USW00024128	 - [(1880, 2.92, 172.29), (1881, 17.4, 173.41), (1882, 4.42, 159.96), (1883, -29.64, 123.53), (1884, -51.48, 66.32), (1885, 33.36, 180.79), (1886, 17.13, 177.42), (1887, 7.31, 178.73), (1888, 19.91, 178.4), (1889, 20.67, 179.09), ]
UZM00038618	 - [(1881, -9.8, 0.0), (1882, 55.02, 0.0), (1883, 68.42, 0.0), (1884, 65.82, 0.0), (1888, 83.09, 0.0), (1889, 64.32, 0.0), ]
