AGE00147709	 - [(1884, 95.12, 189.33), (1885, 97.69, 197.73), (1886, 96.88, 182.86), (1887, 96.3, 183.53), (1888, 97.3, 176.83), (1889, 90.91, 174.68), ]
AGE00147715	 - [(1886, 99.94, 227.25), (1887, 113.0, 266.73), (1888, 93.3, 238.88), (1889, 88.67, 237.9), ]
ASN00026026	 - [(1884, 94.88, 187.11), (1885, 93.17, 182.45), (1886, 91.88, 187.36), (1887, 94.06, 187.19), (1888, 91.43, 189.24), (1889, 94.79, 191.26), ]
ASN00033046	 - [(1889, 224.17, 291.16), ]
ASN00056017	 - [(1880, 75.89, 225.63), (1881, 67.28, 220.69), (1882, 60.14, 221.11), (1883, 52.16, 232.49), (1884, 72.87, 241.19), (1885, 116.52, 243.46), (1886, 100.76, 230.66), (1887, 99.04, 208.99), (1888, 89.44, 220.4), (1889, 113.9, 215.06), ]
ASN00074128	 - [(1880, 85.58, 233.41), (1881, 77.7, 235.75), (1882, 85.4, 247.85), (1883, 83.87, 242.86), (1884, 75.37, 252.74), (1885, 76.87, 260.52), (1886, 69.25, 269.47), (1887, 77.69, 270.94), (1888, 67.96, 272.85), (1889, 84.6, 266.79), ]
CA006105887	 - [(1880, 6.11, 120.81), (1881, -50.06, 55.7), (1882, -34.6, 40.67), (1883, -17.37, 89.14), (1884, -15.86, 104.38), (1885, -21.91, 85.46), (1886, -8.91, 92.42), (1887, -11.54, 100.45), (1888, -8.38, 95.48), (1889, 6.48, 112.08), ]
CA006107003	 - [(1885, 1.8, 129.34), (1886, -21.5, 107.96), (1887, -24.71, 110.72), (1888, -14.48, 117.25), (1889, -7.92, 121.88), ]
CA006110549	 - [(1880, 8.18, 116.8), (1881, 8.81, 124.86), (1882, 10.04, 118.41), (1883, -8.86, 98.75), (1884, 2.58, 109.11), (1885, -10.38, 93.73), (1886, -0.33, 113.84), (1887, 2.09, 114.88), ]
CA006113660	 - [(1880, -42.07, 86.33), (1881, -36.82, 115.25), (1882, -32.38, 122.36), (1883, -29.22, 97.05), (1884, -8.48, 108.82), (1885, -90.38, 29.22), ]
CA006136694	 - [(1880, 34.07, 140.15), (1881, 32.95, 141.93), (1882, 33.58, 127.39), (1883, 9.93, 126.08), (1884, 19.98, 126.33), (1885, 6.26, 112.89), (1886, 21.58, 125.08), (1887, 23.69, 124.88), (1888, 16.4, 110.18), (1889, 33.08, 125.5), ]
CA006139520	 - [(1880, 39.33, 149.64), (1881, 36.17, 149.65), (1882, 37.26, 144.01), (1883, 19.51, 133.56), (1884, 25.92, 143.09), (1885, 13.22, 128.65), (1886, 25.16, 144.89), (1887, 24.42, 146.25), ]
CA006143780	 - [(1880, -35.16, 59.22), (1881, 27.4, 128.03), (1887, -51.78, 35.28), (1888, 7.52, 121.52), ]
CA007050200	 - [(1880, 20.01, 96.9), (1881, -13.39, 49.33), (1882, -16.63, 44.4), (1883, -23.93, 34.88), (1884, -27.45, 30.52), (1885, -16.07, 37.98), (1886, -5.72, 49.61), (1887, -14.31, 40.02), (1888, -7.08, 47.6), (1889, -0.48, 53.55), ]
GLE00100981	 - [(1880, -36.09, 0.0), (1881, -74.67, 0.0), (1882, -104.92, 0.0), (1883, -85.47, 0.0), (1884, -126.19, 0.0), (1885, -83.56, 0.0), (1886, -104.61, 0.0), (1887, -111.72, 0.0), (1888, -93.75, 0.0), (1889, -89.23, 0.0), ]
GM000004063	 - [(1880, 42.66, 127.47), (1881, 37.88, 118.68), (1882, 44.11, 131.51), (1883, 43.95, 130.59), (1884, 46.42, 136.43), (1885, 40.59, 135.48), (1886, 46.72, 139.73), (1887, 29.6, 123.26), (1888, 34.46, 122.55), (1889, 39.17, 125.58), ]
GM000004204	 - [(1880, 33.64, 149.82), (1881, 24.58, 130.9), (1882, 43.25, 141.05), (1883, 36.85, 134.29), (1884, 41.45, 140.35), (1885, 31.42, 132.5), (1886, 33.68, 138.39), (1887, 25.57, 123.42), (1888, 29.45, 127.35), (1889, 34.49, 129.04), ]
GME00121258	 - [(1888, -10.23, 49.07), (1889, 42.27, 125.76), ]
RSM00032071	 - [(1886, -64.21, 0.0), (1887, -69.24, 0.0), (1888, -63.99, 0.0), (1889, -81.04, 0.0), ]
TSE00147769	 - [(1886, 140.38, 233.26), (1887, 116.96, 231.71), (1888, 117.4, 231.7), (1889, 116.23, 229.27), ]
TSE00147775	 - [(1886, 168.51, 254.18), (1887, 155.99, 229.4), (1888, 157.73, 219.52), (1889, 145.6, 236.16), ]
TX000038895	 - [(1889, 48.89, 0.0), ]
USC00171100	 - [(1888, 30.8, 117.52), (1889, 35.86, 133.12), ]
USC00172426	 - [(1889, 63.0, 124.8), ]
USC00176902	 - [(1880, 48.83, 135.33), (1881, 51.02, 131.18), (1882, 47.22, 131.46), (1883, 33.99, 125.42), (1884, 44.62, 130.4), (1885, 30.63, 121.65), (1886, 26.62, 111.9), (1887, 26.55, 110.63), (1888, 19.03, 101.09), (1889, 42.67, 119.59), ]
USC00191650	 - [(1885, 46.5, 129.13), (1886, 49.05, 129.57), (1887, 46.43, 128.91), (1888, 40.65, 121.57), (1889, 61.66, 135.62), ]
USC00200146	 - [(1887, 48.49, 176.39), (1888, -0.08, 124.5), (1889, -13.75, 118.63), ]
USC00260770	 - [(1889, 64.22, 178.38), ]
USC00262030	 - [(1888, 0.0, -140.17), ]
USC00262708	 - [(1888, 78.99, 218.6), (1889, 8.49, 175.84), ]
USC00279307	 - [(1886, -21.58, 122.93), (1887, -2.65, 111.61), (1889, -12.45, 127.12), ]
USC00298072	 - [(1880, -3.28, 149.82), (1881, 41.41, 173.97), (1882, 32.95, 163.71), (1883, 3.92, 128.35), (1884, -59.15, 53.42), (1885, 30.66, 154.85), (1886, 31.64, 153.91), (1887, 35.28, 160.99), (1888, 37.74, 159.21), (1889, 37.46, 160.0), ]
USC00301207	 - [(1888, -72.58, 116.05), ]
USC00319462	 - [(1880, 127.06, 228.24), (1881, 135.71, 224.37), (1882, 136.22, 221.19), (1883, 133.57, 225.18), (1884, 136.15, 229.8), (1885, 123.7, 220.63), (1886, 115.44, 221.86), (1887, 117.25, 219.88), (1888, 122.5, 217.55), (1889, 127.9, 216.01), ]
USC00343300	 - [(1880, 94.19, 219.29), (1881, 107.59, 231.29), (1882, 100.12, 224.81), (1883, 93.07, 223.34), (1884, 118.97, 250.35), (1885, 70.65, 215.25), (1886, 94.84, 227.39), (1887, 97.69, 227.3), (1888, 86.23, 216.13), (1889, 94.33, 220.5), ]
USC00354670	 - [(1887, 30.09, 183.99), (1888, -12.55, 125.52), ]
USC00456109	 - [(1880, 43.65, 137.96), (1881, 53.1, 138.45), (1882, 50.54, 141.76), (1883, 52.4, 146.74), (1884, 53.54, 150.36), (1885, 59.08, 168.36), (1886, 53.7, 155.49), (1887, 47.16, 144.12), (1888, 55.89, 157.48), (1889, 54.49, 165.16), ]
USC00466207	 - [(1880, 80.82, 176.13), (1881, 80.31, 174.22), (1882, 75.83, 166.24), (1883, -21.36, 77.17), ]
USW00012945	 - [(1883, 196.24, 325.92), (1884, 192.86, 313.48), (1885, 198.59, 301.09), (1886, 197.01, 306.4), (1887, 192.65, 317.2), (1888, 193.45, 297.38), ]
USW00014898	 - [(1886, -9.05, 82.71), (1887, 9.85, 110.42), (1888, 4.96, 98.58), (1889, 22.06, 113.27), ]
USW00023271	 - [(1880, 86.46, 203.79), (1881, 99.56, 214.45), (1882, 93.37, 212.28), (1883, 93.08, 219.47), (1884, 98.73, 211.71), (1885, 110.65, 229.68), (1886, 94.27, 217.83), (1887, 87.87, 228.09), (1888, 97.72, 230.54), (1889, 96.44, 225.21), ]
USW00053919	 - [(1883, 151.36, 293.58), (1884, 153.56, 293.21), (1885, 172.93, 301.9), (1886, 174.65, 306.13), (1887, 118.45, 316.38), (1888, 116.69, 242.25), (1889, 103.9, 257.06), ]
USW00093852	 - [(1880, 174.23, 259.01), (1881, 173.59, 257.9), (1882, 174.91, 258.61), (1883, 175.69, 260.79), (1884, 167.95, 255.37), (1885, 159.42, 247.28), (1886, 155.87, 245.44), (1887, 155.53, 252.73), (1888, 159.48, 257.34), (1889, 151.29, 253.62), ]
UZM00038457	 - [(1881, 116.0, 240.64), (1882, 104.96, 198.77), (1883, 105.08, 216.35), (1884, 139.34, 168.28), (1889, -127.61, 0.0), ]
