AGE00135039	 - [(1884, 126.61, 215.27), (1885, 140.95, 239.1), (1886, 143.33, 227.46), (1887, 142.08, 221.59), (1888, 136.02, 220.1), (1889, 125.59, 212.14), ]
AGE00147717	 - [(1880, 72.46, 233.99), (1881, 87.37, 248.38), (1882, 18.44, 238.21), (1883, 90.52, 238.77), (1884, 84.81, 218.89), (1885, 75.76, 235.57), (1886, 89.64, 248.92), (1887, 88.27, 243.46), (1888, 77.47, 235.29), (1889, 71.64, 228.2), ]
ASN00031010	 - [(1889, 228.97, 306.9), ]
ASN00091049	 - [(1884, 108.5, 234.74), ]
AU000005010	 - [(1880, 49.95, 122.77), (1881, 40.08, 111.53), (1882, 49.43, 122.81), (1883, 45.8, 116.22), (1884, 49.6, 124.83), (1885, 45.26, 121.14), (1886, 49.19, 120.56), (1887, 40.05, 110.43), (1888, 40.52, 109.36), (1889, 44.29, 109.48), ]
BE000006447	 - [(1880, 57.16, 136.7), (1881, 49.28, 126.63), (1882, 58.17, 131.03), (1883, 55.04, 131.3), (1884, 59.02, 138.85), (1885, 47.21, 126.42), (1886, 53.2, 132.17), (1887, 41.44, 120.7), (1888, 44.39, 117.39), (1889, 52.07, 124.14), ]
CA001167635	 - [(1882, -33.05, 64.78), (1883, 27.1, 65.08), (1884, 46.0, 167.7), (1888, 57.86, 166.77), (1889, 42.56, 162.81), ]
CA004013480	 - [(1889, -88.67, 52.19), ]
CA006101658	 - [(1888, 17.54, 145.34), (1889, -10.96, 117.76), ]
CA006106362	 - [(1880, -8.4, 114.76), (1881, 1.49, 122.86), (1882, -5.53, 110.35), (1883, -23.27, 99.43), (1884, -17.72, 106.73), (1885, -18.19, 103.06), (1886, -6.24, 108.9), (1887, -14.44, 109.04), (1888, -92.5, 25.01), ]
CA006149625	 - [(1880, 14.11, 130.18), (1881, 11.25, 133.74), (1882, 10.23, 126.49), (1883, -10.64, 109.28), (1884, 2.9, 118.38), (1885, -7.96, 104.52), (1886, 4.53, 117.17), (1887, 5.47, 124.51), (1888, -1.68, 114.36), (1889, 16.63, 126.34), ]
CA006150243	 - [(1887, -6.32, 106.89), (1888, -18.06, 92.33), (1889, 1.18, 106.47), ]
CA007023240	 - [(1880, 5.55, 105.4), (1881, 6.94, 99.95), (1882, 6.68, 99.23), (1883, -11.36, 90.93), (1884, 0.33, 101.8), (1885, -10.37, 85.99), (1886, -2.21, 97.39), (1887, -7.0, 96.9), (1888, -6.56, 87.06), (1889, 12.02, 103.51), ]
CA007025280	 - [(1880, 10.73, 110.99), (1881, 20.59, 111.58), (1882, 12.95, 98.18), (1883, -1.97, 89.47), (1884, 9.33, 98.07), (1885, -0.54, 86.05), (1886, 8.36, 97.24), (1887, 5.89, 95.65), (1888, 3.22, 85.94), (1889, 21.7, 102.76), ]
CA007095000	 - [(1885, -95.6, 27.07), ]
CA008104800	 - [(1880, 10.54, 88.33), (1881, 14.84, 87.24), (1882, 5.36, 81.26), (1883, -1.9, 86.86), (1884, 0.23, 89.59), (1885, -2.39, 91.64), (1886, 3.65, 98.04), (1887, -0.38, 92.01), (1888, -0.06, 84.23), (1889, 20.74, 102.84), ]
CA008202198	 - [(1880, 14.65, 111.0), (1881, 20.21, 106.94), (1882, 14.69, 103.54), (1883, 7.86, 103.7), (1884, 15.71, 105.36), (1885, 16.13, 112.56), (1886, 22.92, 116.49), (1887, 14.95, 112.91), (1888, 11.81, 101.51), (1889, 35.37, 125.55), ]
CA008401125	 - [(1880, -107.24, -0.8), (1881, -7.68, 0.0), (1882, -19.42, 0.0), (1883, -33.29, 0.0), (1884, -138.8, 0.0), ]
CE000043497	 - [(1880, 237.01, 306.54), (1881, 239.48, 302.85), (1882, 236.93, 301.34), (1883, 233.99, 300.22), (1884, 233.15, 292.77), (1885, 234.49, 290.81), (1886, 233.32, 288.6), (1887, 230.07, 295.45), (1888, 233.31, 304.05), (1889, 235.78, 306.69), ]
RSM00027051	 - [(1883, -40.51, 0.0), (1884, -52.84, 0.0), ]
RSM00028275	 - [(1887, -149.84, 0.0), (1888, -51.74, 0.0), (1889, -49.99, 0.0), ]
RSM00034110	 - [(1889, 0.18, 83.18), ]
SZ000006717	 - [(1880, -23.9, 24.69), (1881, -31.06, 18.5), (1882, -30.34, 19.87), (1883, -42.96, 7.79), (1884, -41.25, 12.88), (1885, -43.81, 14.97), (1886, -49.95, 20.1), (1887, -58.02, 15.71), (1888, -52.24, 17.23), (1889, -54.16, 10.59), ]
USC00035754	 - [(1884, 203.66, 299.26), (1885, 206.45, 315.72), (1886, 182.11, 309.21), (1887, 181.54, 311.07), (1888, 185.87, 308.92), (1889, 156.71, 270.13), ]
USC00053010	 - [(1880, -55.6, 127.72), (1881, -39.02, 124.25), (1882, -51.3, 133.98), (1883, -25.05, 130.81), ]
USC00064767	 - [(1880, 42.42, 156.23), (1881, 42.8, 153.11), (1882, 36.44, 147.33), (1883, 28.49, 145.51), (1884, 39.87, 150.32), (1885, 31.34, 148.68), (1886, 35.76, 148.4), (1887, 36.45, 148.24), (1888, 28.48, 137.22), (1889, 53.52, 151.28), ]
USC00092475	 - [(1886, -22.0, 289.0), ]
USC00176655	 - [(1885, 86.9, 142.34), (1886, -6.65, 41.43), ]
USC00191820	 - [(1885, 30.12, 114.02), (1886, 36.18, 110.82), (1887, 37.53, 115.16), ]
USC00196770	 - [(1886, 48.91, 168.33), (1887, 28.75, 132.82), (1889, -30.0, -3.23), ]
USC00200094	 - [(1889, 35.98, 63.8), ]
USC00253035	 - [(1888, -51.65, 102.15), (1889, -21.96, 133.07), ]
USC00264939	 - [(1885, 38.84, 180.15), (1886, 29.67, 172.78), (1887, 15.81, 171.01), (1888, 27.87, 176.74), (1889, -10.01, 132.28), ]
USC00275880	 - [(1889, 65.59, 176.07), ]
USC00275997	 - [(1887, -25.66, 94.12), (1888, -0.74, 124.88), (1889, 18.38, 141.11), ]
USC00474966	 - [(1880, 42.81, 135.86), (1881, 41.32, 133.49), (1882, 44.43, 132.72), (1883, 16.47, 110.64), (1884, 20.35, 109.32), (1885, 13.78, 101.23), (1886, 25.68, 121.62), (1887, 23.66, 123.26), (1888, 17.51, 108.71), (1889, 36.63, 126.75), ]
USC00486120	 - [(1881, 211.0, 44.0), ]
USW00013984	 - [(1885, 89.2, 211.98), (1886, 45.22, 170.04), (1887, 48.4, 176.93), (1888, 45.38, 175.02), (1889, 55.56, 176.96), ]
USW00023068	 - [(1884, 64.97, 180.54), (1888, 59.68, 222.21), (1889, 34.63, 189.72), ]
