AGE00147718	 - [(1880, 147.88, 306.61), (1881, 158.0, 283.81), (1882, 139.67, 271.77), (1883, 127.04, 274.22), (1885, 147.19, 270.06), (1886, 145.86, 266.39), (1887, 142.98, 268.57), (1888, 152.98, 277.34), (1889, 145.09, 268.72), ]
CA001066336	 - [(1886, 57.16, 130.18), (1887, 12.02, 90.65), (1888, 33.37, 104.37), (1889, 37.21, 115.3), ]
CA004019070	 - [(1884, -90.08, 33.24), ]
CA005011760	 - [(1880, 0.0, -144.06), (1881, -28.14, 55.11), (1882, -57.07, 61.95), (1883, -91.9, 37.6), (1884, -83.21, 45.01), (1885, -80.3, 54.82), (1886, -79.19, 69.03), (1887, -86.02, 57.52), (1888, -76.51, 58.17), (1889, -52.92, 100.7), ]
CA006085682	 - [(1887, -139.26, -36.77), (1888, -60.87, 91.47), (1889, -26.98, 109.09), ]
CA006113000	 - [(1880, 0.13, 110.23), (1881, 4.34, 115.72), (1882, 4.23, 107.68), (1883, -17.2, 93.23), (1884, -4.98, 106.88), (1885, -20.79, 91.11), (1886, -4.03, 102.78), (1887, -7.72, 114.45), (1888, -17.64, 98.08), (1889, 2.33, 116.65), ]
CA006124127	 - [(1880, 33.79, 127.91), (1881, -41.53, 125.38), (1882, 0.0, 123.77), (1883, 36.3, 107.93), (1884, 23.37, 117.71), (1885, 9.31, 106.23), (1886, 28.01, 121.08), (1888, 1.43, 99.78), (1889, 29.5, 121.2), ]
CA006124700	 - [(1886, 53.55, 163.09), (1887, 12.85, 122.85), (1888, 3.63, 110.99), (1889, 22.25, 124.04), ]
CA006136643	 - [(1880, 40.46, 121.38), (1881, 38.64, 125.38), (1882, 39.36, 120.38), (1883, 19.12, 104.81), (1884, 30.71, 112.63), (1885, 16.52, 102.73), (1886, 29.24, 113.5), (1887, 29.76, 123.63), (1888, 20.93, 112.17), (1889, 39.16, 130.55), ]
CA006139445	 - [(1880, -3.13, 74.79), (1881, 16.02, 125.17), (1882, -21.66, 72.97), (1883, 8.12, 115.17), (1884, 14.6, 118.7), (1885, 0.03, 103.53), (1886, 18.48, 119.6), ]
CA006155876	 - [(1882, 18.94, 106.6), (1883, 4.18, 99.63), (1884, 8.13, 118.11), (1885, -1.34, 107.41), (1886, 10.27, 113.17), (1887, 9.3, 117.49), (1888, -30.01, 70.04), (1889, 20.58, 121.57), ]
CA006165716	 - [(1880, 9.11, 116.03), (1882, 13.7, 168.16), (1884, 9.83, 144.05), (1885, -12.25, 133.96), (1886, -13.6, 137.23), (1887, -34.63, 112.22), (1888, -35.72, 79.92), (1889, 8.57, 103.82), ]
CA007021952	 - [(1880, -22.71, 88.28), (1881, -17.46, 89.1), (1882, -31.09, 74.56), (1883, -45.68, 68.86), (1884, -29.8, 78.33), (1885, -36.87, 80.36), (1886, -30.28, 82.71), (1887, -37.67, 77.39), (1888, -37.17, 65.98), (1889, -17.04, 90.84), ]
CA007024280	 - [(1888, -89.9, -3.61), (1889, -10.55, 99.92), ]
CA007066688	 - [(1888, 5.78, 102.01), (1889, -21.88, 73.85), ]
CA008200150	 - [(1880, -57.94, 0.0), (1881, -39.27, 17.79), (1882, -14.82, 114.32), (1883, -25.85, 119.88), (1885, 24.32, 139.65), (1886, -45.55, 80.61), (1887, 69.52, 197.17), (1888, -82.94, 6.97), ]
CA008205988	 - [(1880, -6.4, 113.04), (1881, -0.86, 107.99), (1882, -5.46, 103.92), (1883, -20.64, 94.43), (1884, -3.28, 104.47), (1885, -3.95, 112.57), (1886, 7.2, 117.36), (1887, -3.33, 110.32), (1888, -2.07, 100.86), (1889, 17.82, 125.13), ]
FRE00104937	 - [(1880, 0.0, 9990.0), (1881, 0.0, 9990.0), (1882, 0.0, 9990.0), (1883, 0.0, 9990.0), (1884, 0.0, 9990.0), (1885, 0.0, 9990.0), (1886, 0.0, 9990.0), (1887, 0.0, 9990.0), (1888, 0.0, 9990.0), (1889, 0.0, 9990.0), ]
GM000002698	 - [(1880, 57.16, 142.31), (1881, 53.41, 137.7), (1882, 58.09, 137.28), (1883, 58.7, 136.62), (1884, 62.9, 146.99), (1885, 51.3, 138.44), (1886, 56.03, 144.46), (1887, 38.69, 128.97), (1888, 46.08, 126.95), (1889, 54.81, 128.92), ]
GMW00035032	 - [(1880, 60.6, 142.06), (1881, 52.72, 132.96), (1882, 60.8, 136.48), (1883, 58.4, 136.81), (1884, 64.77, 144.84), (1885, 53.81, 133.75), (1886, 60.56, 140.97), (1887, 48.1, 125.4), (1888, 50.18, 124.22), (1889, 57.13, 130.28), ]
KZ000038198	 - [(1882, 99.7, 0.0), (1883, 69.48, 0.0), ]
UPM00033345	 - [(1881, 14.75, 83.99), (1882, 36.07, 115.91), (1883, 20.2, 93.16), (1884, 39.88, 107.02), (1885, 34.57, 116.33), (1886, 25.88, 110.15), (1887, 33.42, 114.24), (1888, 15.07, 104.37), (1889, 32.04, 112.49), ]
USC00033466	 - [(1887, -13.77, 141.79), (1888, 95.38, 0.0), (1889, 99.8, 246.21), ]
USC00144559	 - [(1880, 48.95, 91.43), (1881, 88.08, -352.52), ]
USC00194875	 - [(1885, 7.56, 136.34), (1886, 13.25, 142.28), (1887, 15.82, 142.36), (1888, 7.25, 131.32), (1889, 40.49, 160.48), ]
USC00200032	 - [(1887, -42.79, 78.27), (1888, 9.36, 140.16), (1889, 6.37, 118.85), ]
USC00207097	 - [(1889, 46.6, 155.44), ]
USC00254812	 - [(1882, -28.42, -256.27), ]
USC00267835	 - [(1887, -44.5, 147.89), (1888, 66.13, 322.13), ]
USC00277060	 - [(1886, 29.15, 166.87), (1887, 3.23, 125.29), ]
USC00324418	 - [(1881, 167.0, 283.0), ]
USC00435733	 - [(1887, 18.28, 131.49), (1888, -10.7, 95.71), (1889, 9.1, 112.41), ]
USC00481816	 - [(1881, 100.0, 267.0), ]
USW00094728	 - [(1880, 75.76, 157.06), (1881, 73.45, 152.7), (1882, 73.4, 146.64), (1883, 62.87, 139.95), (1884, 75.69, 149.18), (1885, 64.59, 143.37), (1886, 66.5, 148.82), (1887, 64.6, 146.49), (1888, 57.22, 136.85), (1889, 78.42, 154.22), ]
